ITS2 type profile UID		64326	64269	64226	64251	64397	64399	64396	64384	64395	64400	64404	64391	64398	64386	64405	64408	64411	64483	65149	64727	64732	64733	65057	64726	64728	64731	64729	64758	64597	64799	64453	64730	65042	65049	65050	64477	64608	64739	64751	64627	64983	64857	64849	64991	64993
Clade		A	A	A	A	B	B	B	B	B	B	B	B	B	B	B	B	B	C	C	C	C	C	C	C	C	C	C	C	C	C	C	C	C	C	C	C	C	C	C	C	D	D	D	D	D
Majority ITS2 sequence		A4	A3	A4	A13	B1	B19/B5af	B1	B1	B19	B1	B1	B1	B1	B5	B1	B19	B5ai	C3	C7/C7d/C12c	C3	C3fe	C3/C7	C3	C7/C12c	C3	C47/C44	C54a	C42.2	C3	C45a	C3	C3	C3	C3	C1	C46	C7	C3	C3	C3	D1	D1	D1	D1	D1
Associated species		S. linucheae	S. natans,S. tridacnidorum	S. linucheae	None	S. minutum,S. antillogorgium,S. pseudominutum	None	S. minutum,S. antillogorgium,S. pseudominutum	S. minutum,S. antillogorgium,S. pseudominutum	None	S. minutum,S. antillogorgium,S. pseudominutum	S. minutum,S. antillogorgium,S. pseudominutum	S. minutum,S. antillogorgium,S. pseudominutum	S. minutum,S. antillogorgium,S. pseudominutum	None	S. minutum,S. antillogorgium,S. pseudominutum	None	None	None	None	None	None	None	None	None	None	None	None	None	None	None	None	None	None	S. goreaui	S. goreaui	None	None	S. goreaui	None	S. goreaui	S. trenchii	S. trenchii	S. trenchii	S. trenchii	S. glynnii,S. trenchii
ITS2 profile abundance local		5	2	1	1	15	13	10	8	7	7	7	5	4	1	1	1	1	22	22	18	12	8	7	6	5	4	4	4	3	2	2	2	1	1	1	1	1	1	1	1	5	4	1	1	1
ITS2 profile abundance DB		5	59	25	3	15	13	10	32	7	7	7	22	4	31	15	12	1	26	22	18	12	41	7	6	9	4	4	46	40	3	19	15	8	12	243	4	20	33	41	43	32	81	62	75	69
ITS2 type profile		A4-A4ab-A4aa	A3	A4	A13	B1-B1x-B1t-B14b-B1af-B1ae-B1ag	B19/B5af-B19e-B19c-B5ag-B19d-B19f-B40a-B19h	B1-B1z-B1aa-B1ad-B1ac-B1ab	B1	B19-B5af-B19e-B19c-B19d-B19g-B19f	B1-B1x-B1ai-B5ah	B1-B1al-B1aj-B1ak-B1aa	B1-B1g	B1-B1ah-B1aa	B5	B1-B1x-B1t-B14b	B19	B5ai	C3-C16a	C7/C7d/C12c-C12b-C12e-C7h-C3-C7g	C3-C40g-C3b-C3an-C21-C3fc-C3fd-C3s	C3fe-C3-C3fg-C3b-C3ag-C21	C3/C7	C3-C3a-C16a	C7/C12c-C7d-C12b-C12e	C3-C3an-C3b-C21-C3fc-C3bb-C3s-C3fd	C47/C44	C54a-C54b-C3-C54d-C54c	C42.2	C3	C45a	C3/C3b	C3/C3a	C3/C3a-C3b	C1/C3/C1c-C1al	C1/C3-C1c-C1b-C72k-C1w	C46	C7	C1/C42.2/C3-C1b	C21/C3	C1/C3/C1b	D1-D4-D4c-D17d-D1r-D17e	D1-D4-D4c-D1c-D2-D1k	D1/D4-D4c-D1c	D1-D4-D17d-D17c-D17e-D1r-D4c-D1c-D17j-D17l-D17k	D1-D4-D4c-D6-D2-D4f
106274	WP_Ssid_57_2019	0	0	0	0	0	0	0	0	0	0	0	0	0	0	0	0	0	0.9786316297284259	0	0	0	0	0	0	0	0	0	0	0	0	0	0	0	0	0	0	0	0	0	0	0	0	0	0	0
106278	WP_Ssid_26_2019	0	0	0	0	0	0	0	0	0	0	0	0	0	0	0	0	0	0.9759875430257335	0	0	0	0	0	0	0	0	0	0	0	0	0	0	0	0	0	0	0	0	0	0	0	0	0	0	0
106264	WP_Ssid_46_2019	0	0	0	0	0	0	0	0	0	0	0	0	0	0	0	0	0	0.9749178648390858	0	0	0	0	0	0	0	0	0	0	0	0	0	0	0	0	0	0	0	0	0	0	0	0	0	0	0
106148	ET_Ssid_41_2017	0	0	0	0	0	0	0	0	0	0	0	0	0	0	0	0	0	0.967976710334789	0	0	0	0	0	0	0	0	0	0	0	0	0	0	0	0	0	0	0	0	0	0	0	0	0	0	0
106183	WP_Ssid_76_2017	0	0	0	0	0	0	0	0	0	0	0	0	0	0	0	0	0	0.9641740275415592	0	0	0	0	0	0	0	0	0	0	0	0	0	0	0	0	0	0	0	0	0	0	0	0	0	0	0
106233	ET_Ssid_41_2019	0	0	0	0	0	0	0	0	0	0	0	0	0	0	0	0	0	0.9634195057923871	0	0	0	0	0	0	0	0	0	0	0	0	0	0	0	0	0	0	0	0	0	0	0	0	0	0	0
106191	ET_Ssid_41_2018	0	0	0	0	0	0	0	0	0	0	0	0	0	0	0	0	0	0.9609971290525873	0	0	0	0	0	0	0	0	0	0	0	0	0	0	0	0	0	0	0	0	0	0	0	0	0	0	0
106257	WP_Ssid_38_2019	0	0	0	0	0	0	0	0	0	0	0	0	0	0	0	0	0	0.9565018315018314	0	0	0	0	0	0	0	0	0	0	0	0	0	0	0	0	0	0	0	0	0	0	0	0	0	0	0
106256	WP_Ssid_73_2019	0	0	0	0	0	0	0	0	0	0	0	0	0	0	0	0	0	0.9548076270611386	0	0	0	0	0	0	0	0	0	0	0	0	0	0	0	0	0	0	0	0	0	0	0	0	0	0	0
106265	WP_Ssid_47_2019	0	0	0	0	0	0	0	0	0	0	0	0	0	0	0	0	0	0.9537470474554434	0	0	0	0	0	0	0	0	0	0	0	0	0	0	0	0	0	0	0	0	0	0	0	0	0	0	0
106230	ET_Ssid_44_2019	0	0	0	0	0	0	0	0	0	0	0	0	0	0	0	0	0	0.950718954248366	0	0	0	0	0	0	0	0	0	0	0	0	0	0	0	0	0	0	0	0	0	0	0	0	0	0	0
106247	WP_Ssid_39_2019	0	0	0	0	0	0	0	0	0	0	0	0	0	0	0	0	0	0.9506692641236725	0	0	0	0	0	0	0	0	0	0	0	0	0	0	0	0	0	0	0	0	0	0	0	0	0	0	0
106168	WP_Ssid_93_2017	0	0	0	0	0	0	0	0	0	0	0	0	0	0	0	0	0	0.9491545893719807	0	0	0	0	0	0	0	0	0	0	0	0	0	0	0	0	0	0	0	0	0	0	0	0	0	0	0
106262	WP_Ssid_77_2019	0	0	0	0	0	0	0	0	0	0	0	0	0	0	0	0	0	0.9439973847004979	0	0	0	0	0	0	0	0	0	0	0	0	0	0	0	0	0	0	0	0	0	0	0	0	0	0	0
106190	ET_Ssid_44_2018	0	0	0	0	0	0	0	0	0	0	0	0	0	0	0	0	0	0.9439089536639182	0	0	0	0	0	0	0	0	0	0	0	0	0	0	0	0	0	0	0	0	0	0	0	0	0	0	0
106151	ET_Ssid_44_2017	0	0	0	0	0	0	0	0	0	0	0	0	0	0	0	0	0	0.9415100727949891	0	0	0	0	0	0	0	0	0	0	0	0	0	0	0	0	0	0	0	0	0	0	0	0	0	0	0
106261	WP_Ssid_21_2019	0	0	0	0	0	0	0	0	0	0	0	0	0	0	0	0	0	0.9378124618948909	0	0	0	0	0	0	0	0	0	0	0	0	0	0	0	0	0	0	0	0	0	0	0	0	0	0	0
106184	WP_Ssid_104_2017	0	0	0	0	0	0	0	0	0	0	0	0	0	0	0	0	0	0.9344913151364764	0	0	0	0	0	0	0	0	0	0	0	0	0	0	0	0	0	0	0	0	0	0	0	0	0	0	0
106133	WP_Ssid_26_2017	0	0	0	0	0	0	0	0	0	0	0	0	0	0	0	0	0	0.9291522390382445	0	0	0	0	0	0	0	0	0	0	0	0	0	0	0	0	0	0	0	0	0	0	0.04816558378399408	0	0	0	0
106128	WP_Ssid_21_2017	0	0	0	0	0	0	0	0	0	0	0	0	0	0	0	0	0	0.8843038622218433	0	0	0	0	0	0	0	0	0	0	0	0	0	0	0	0	0	0	0	0	0	0	0	0	0	0.05482138289709267	0
106179	WP_Ssid_109_2017	0	0	0	0	0	0	0	0	0	0	0	0	0	0	0	0	0	0.7473724441047201	0	0	0	0	0	0	0	0	0	0	0	0	0	0	0	0	0	0	0	0	0	0	0	0	0.2246321421746608	0	0
106272	WP_Ofav_64_2019	0	0	0	0	0	0	0	0	0	0	0	0	0	0	0	0	0	0	0.9233956357609796	0	0	0	0	0	0	0	0	0	0	0	0	0	0	0	0	0	0	0	0	0	0	0	0	0	0
106145	ET_Oann_38_2017	0	0	0	0	0	0	0	0	0	0	0	0	0	0	0	0	0	0	0.8920125924298997	0	0	0	0	0	0	0	0	0	0	0	0	0	0	0	0	0	0	0	0	0	0	0	0	0	0
106273	WP_Oann_67_2019	0	0	0	0	0	0	0	0	0	0	0	0	0	0	0	0	0	0	0.877241987650691	0	0	0	0	0	0	0	0	0	0	0	0	0	0	0	0	0	0	0	0	0	0	0	0	0	0
106224	ET_Ofra_40_2019	0	0	0	0	0	0	0	0	0	0	0	0	0	0	0	0	0	0	0.859595518696348	0	0	0	0	0	0	0	0	0	0	0	0	0	0	0	0	0	0	0	0	0	0	0	0	0	0
106204	ET_Ofra_40_2018	0	0	0	0	0	0	0	0	0	0	0	0	0	0	0.014026792750197007	0	0	0	0.8449172576832151	0	0	0	0	0	0	0	0	0	0	0	0	0	0	0	0	0	0	0	0	0	0	0	0	0	0
106139	ET_Ofav_32_2017	0	0	0	0	0	0	0	0	0	0	0	0	0	0	0	0	0	0	0.8406732117812061	0	0	0	0	0	0	0	0	0	0	0	0	0	0	0	0	0	0	0	0	0	0	0	0	0	0
106124	WP_Ofra_17_2017	0	0	0	0	0.05709578456993524	0	0	0	0	0	0	0	0	0	0	0	0	0	0.8382570162481535	0	0	0	0	0	0	0	0	0	0	0	0	0	0	0	0	0	0	0	0	0	0	0	0	0	0
106277	WP_Oann_24_2019	0	0	0	0	0	0	0	0	0	0	0	0	0	0	0	0	0	0	0.8372750260300461	0	0	0	0	0	0	0	0	0	0	0	0	0	0	0	0	0	0	0	0	0	0	0	0	0	0
106164	ET_Ofra_59_2017	0	0	0	0	0	0	0	0	0	0	0	0	0	0	0	0	0	0	0.8349306633827703	0	0	0	0	0	0	0	0	0	0	0	0	0	0	0	0	0	0	0	0	0	0	0	0	0	0
106220	CH_Ofav_03_2018	0	0	0	0	0	0	0	0	0	0	0	0	0	0	0	0	0	0	0.8309287646528405	0	0	0	0	0	0	0	0	0	0	0	0	0	0	0	0	0	0	0	0	0	0	0	0	0	0
106279	WP_Ofra_65_2019	0	0	0	0	0	0	0	0	0	0	0	0	0	0	0	0	0	0	0.825498266897747	0	0	0	0	0	0	0	0	0	0	0	0	0	0	0	0	0	0	0	0	0	0	0	0	0	0
106147	ET_Ofra_40_2017	0	0	0	0	0.016713865289577433	0	0	0	0	0	0	0	0	0	0	0	0	0	0.821033927480704	0	0	0	0	0	0	0	0	0	0	0	0	0	0	0	0	0	0	0	0	0	0	0	0	0	0
106251	CH_Ofav_03_2019	0	0	0	0	0	0	0	0	0	0	0	0	0	0	0	0	0	0	0.8156107753152749	0	0	0	0	0	0	0	0	0	0	0	0	0	0	0	0	0	0	0	0	0	0	0	0	0	0
106110	CH_Ofav_03_2017	0	0	0	0	0	0	0	0	0	0	0	0	0	0	0	0	0	0	0.815292265302106	0	0	0	0	0	0	0	0	0	0	0	0	0	0	0	0	0	0	0	0	0	0	0	0	0	0
106142	CH_Ofav_47_2017	0	0	0	0	0	0	0	0	0	0	0	0	0	0	0	0	0	0	0.8111186440677965	0	0	0	0	0	0	0	0	0	0	0	0	0	0	0	0	0	0	0	0	0	0	0	0	0	0
106170	WP_Ofra_65_2017	0	0	0	0	0	0	0	0	0	0	0	0	0	0	0	0	0	0	0.8107989142396008	0	0	0	0	0	0	0	0	0	0	0	0	0	0	0	0	0	0	0	0	0	0	0	0	0	0
106125	WP_Ofav_18_2017	0	0	0	0	0.030826741792176832	0	0	0	0	0	0	0	0	0	0	0	0	0	0.8098385523892079	0	0	0	0	0	0	0	0	0	0	0	0	0	0	0	0	0	0	0	0	0	0	0	0	0	0
106158	CH_Oann_56_2017	0	0	0	0	0	0	0	0	0	0	0	0	0	0	0	0	0	0	0.8096768434208178	0	0	0	0	0	0	0	0	0	0	0	0	0	0	0	0	0	0	0	0	0	0	0	0	0	0
106246	CH_Ofra_81_2019	0	0	0	0	0	0	0	0	0	0	0	0	0	0	0	0	0	0	0.8089191700216785	0	0	0	0	0	0	0	0	0	0	0	0	0	0	0	0	0	0	0	0	0	0	0	0	0	0
106210	CH_Ofav_47_2018	0	0	0	0	0	0	0	0	0	0	0	0	0	0	0	0	0	0	0.8088866588615711	0	0	0	0	0	0	0	0	0	0	0	0	0	0	0	0	0	0	0	0	0	0	0	0	0	0
106169	WP_Ofav_64_2017	0	0.450814097691723	0	0	0	0	0	0	0	0	0	0	0	0	0	0	0	0	0.4610153218386206	0	0	0	0	0	0	0	0	0	0	0	0	0	0	0	0	0	0	0	0	0	0	0	0	0	0
106253	CH_Mcav_58_2019	0	0	0	0	0	0	0	0	0	0	0	0	0	0	0	0	0	0	0	0.9530899449316745	0	0	0	0	0	0	0	0	0	0	0	0	0	0	0	0	0	0	0	0	0	0	0	0	0
106237	CH_Mcav_06_2019	0	0	0	0	0	0	0	0	0	0	0	0	0	0	0	0	0	0	0	0.9478586043886262	0	0	0	0	0	0	0	0	0	0	0	0	0	0	0	0	0	0	0	0	0	0	0	0	0
106175	WP_Mcav_70_2017	0	0	0	0	0	0	0	0	0	0	0	0	0	0	0	0	0	0	0	0.946323888617489	0	0	0	0	0	0	0	0	0	0	0	0	0	0	0	0	0	0	0	0	0	0	0	0	0
106146	ET_Mcav_39_2017	0	0	0	0	0	0	0	0	0	0	0	0	0	0	0	0	0	0	0	0.9461557726020536	0	0	0	0	0	0	0	0	0	0	0	0	0	0	0	0	0	0	0	0	0	0	0	0	0
106268	WP_Mcav_19_2019	0	0	0	0	0	0	0	0	0	0	0	0	0	0	0	0	0	0	0	0.9416890080428955	0	0	0	0	0	0	0	0	0	0	0	0	0	0	0	0	0	0	0	0	0	0	0	0	0
106252	CH_Mcav_49_2019	0	0	0	0	0	0	0	0	0	0	0	0	0	0	0	0	0	0	0	0.9360390601159597	0	0	0	0	0	0	0	0	0	0	0	0	0	0	0	0	0	0	0	0	0	0	0	0	0
106162	ET_Mcav_55_2017	0	0	0	0	0	0	0	0	0	0	0	0	0	0	0	0	0	0	0	0.9354598716637217	0	0	0	0	0	0	0	0	0	0	0	0	0	0	0	0	0	0	0	0	0	0	0	0	0
106144	CH_Mcav_49_2017	0	0	0	0	0	0	0	0	0	0	0	0	0	0	0	0	0	0	0	0.927026035936927	0	0	0	0	0	0	0	0	0	0	0	0	0	0	0	0	0	0	0	0	0	0	0	0	0
106195	ET_Mcav_34_2018	0	0	0	0	0	0	0	0	0	0	0	0	0	0	0	0	0	0	0	0.9262270513300861	0	0	0	0	0	0	0	0	0	0	0	0	0	0	0	0	0	0	0	0	0	0	0	0	0
106126	WP_Mcav_19_2017	0	0	0	0	0.013217953594522634	0	0	0	0	0	0	0	0	0	0	0	0	0	0	0.9157474324838342	0	0	0	0	0	0	0	0	0	0	0	0	0	0	0	0	0	0	0	0	0	0	0	0	0
106223	ET_Mcav_34_2019	0	0	0	0	0	0	0	0	0	0	0	0	0	0	0	0	0	0	0	0.906440811502856	0	0	0	0	0	0	0	0	0	0	0	0	0	0	0	0	0	0	0	0	0	0	0	0	0
106226	ET_Mcav_39_2019	0	0	0	0	0	0.018521229868228403	0	0	0	0	0	0	0	0	0	0	0	0	0	0.896778916544656	0	0	0	0	0	0	0	0	0	0	0	0	0	0	0	0	0	0	0	0	0	0	0	0	0
106113	CH_Mcav_06_2017	0	0	0.037806801180704376	0	0	0	0	0.0021430593182645264	0	0	0	0	0	0	0	0.0045691642068658765	0	0	0	0.8957583599530954	0	0	0	0	0	0	0	0	0	0	0	0	0	0	0	0	0	0	0	0	0	0	0	0	0
106234	ET_Mcav_55_2019	0	0	0	0	0	0	0	0	0	0	0	0	0	0	0	0	0	0	0	0.87683125339121	0	0	0	0	0	0	0	0	0	0	0	0	0	0	0	0	0	0	0	0	0	0	0	0	0
106249	WP_Mcav_Pstr_70_16_2019	0	0	0	0	0	0	0	0	0	0	0	0	0	0	0	0	0	0	0	0.8653890238870294	0	0	0	0	0	0	0	0	0	0	0	0	0	0	0	0	0	0	0	0	0	0	0	0	0
106201	CH_Mcav_06_2018	0	0	0	0	0	0	0	0	0.030498533724340176	0	0.04222873900293255	0	0	0	0	0	0	0	0	0.7674486803519062	0	0	0	0	0	0	0	0	0	0	0	0	0	0	0	0	0	0	0	0	0	0	0	0	0
106205	ET_Mcav_39_2018	0	0	0	0	0	0	0	0	0	0	0	0	0	0	0	0	0	0	0	0.7410228509249184	0	0	0	0	0	0	0	0	0	0	0	0	0	0	0	0	0.05767138193688792	0	0	0	0	0	0	0	0
106217	CH_Mcav_58_2018	0	0	0	0	0	0.07024106400665005	0	0.07605985037406485	0	0	0	0	0	0	0	0	0	0	0	0.7219451371571073	0	0	0	0	0	0	0	0	0	0	0	0	0	0	0	0	0	0	0	0	0	0	0	0	0
106258	WP_Ofra_17_2019	0	0	0	0	0.8040255812800554	0	0	0	0	0	0	0	0	0	0	0	0	0	0	0	0	0	0	0	0	0	0	0	0	0	0	0	0	0	0	0	0	0	0	0	0	0	0	0	0
106157	CH_Ssid_51_2017	0	0	0	0	0.7932847072246445	0	0	0	0	0	0	0	0	0	0	0	0	0	0	0	0	0	0	0	0	0	0	0	0	0	0	0	0	0	0	0	0	0	0	0	0	0	0	0	0
106216	CH_Pstr_10_2018	0	0	0	0	0.7864439904059696	0	0	0	0	0	0	0	0	0	0	0	0	0	0	0	0	0	0	0	0	0	0	0	0	0	0	0	0	0	0	0	0	0	0	0	0	0	0	0	0
106266	WP_Pstr_28_2019	0	0	0	0	0.7852513146630794	0	0	0	0	0	0	0	0	0	0	0	0	0	0	0	0	0	0	0	0	0	0	0	0	0	0	0	0	0	0	0	0	0	0	0	0	0	0	0	0
106123	WP_Pstr_16_2017	0	0	0	0	0.7788097707650442	0	0	0	0	0	0	0	0	0	0	0	0	0	0	0	0	0	0	0.0010299852188086142	0	0	0	0	0.00011203347994058611	0.00010119153026891649	0	0	0	0	0	0	0	0	0	0	0	0	0	0	0
106135	WP_Pstr_28_2017	0	0	0	0	0.7786976454355277	0	0	0	0	0	0	0	0	0	0	0	0	0	0	0	0	0	0	0	0	0	0	0	0	0	0	0	0	0	0	0	0	0	0	0	0	0	0	0	0
106242	CH_Pstr_82_2019	0	0	0	0	0.7735903544870406	0	0	0	0	0	0	0	0	0	0	0	0	0	0	0	0.030394917334488483	0	0	0	0	0	0	0	0	0	0	0	0	0	0	0	0	0	0	0	0	0	0	0	0
106244	CH_Pstr_10_2019	0	0	0	0	0.7714601992553085	0	0	0	0	0	0	0	0	0	0	0	0	0	0	0	0	0	0	0	0	0	0	0	0	0	0	0	0	0	0	0	0	0	0	0	0	0	0	0	0
106106	CH_Pstr_10_2017	0	0	0	0	0.7655714829379678	0	0	0	0	0	0	0	0	0	0	0	0	0	0	0	0	0	0	0	0	0	0	0	0	0	0	0	0	0	0	0	0	0	0	0	0	0	0	0	0
106108	CH_Cnat_12_2017	0	0	0	0	0	0.9066974727594272	0	0	0	0	0	0	0	0	0	0	0	0	0	0	0	0	0	0	0	0	0	0	0	0	0	0	0	0	0	0	0	0	0	0	0	0	0	0	0
106197	ET_Cnat_33_2018	0	0	0	0	0	0.9011309523809524	0	0	0	0	0	0	0	0	0	0	0	0	0	0	0	0	0	0	0	0	0	0	0	0	0	0	0	0	0	0	0	0	0	0	0	0	0	0	0
106235	ET_Ofra_59_2019	0	0	0	0	0	0.896295152824946	0	0	0	0	0	0	0	0	0	0	0	0	0	0	0	0.003149120098795925	0	0	0	0	0	0	0	0	0	0	0	0	0	0	0	0	0	0	0	0	0	0	0
106131	ET_Cnat_35_2017	0	0	0	0	0	0.8860644280466795	0	0	0	0	0	0	0	0	0	0	0	0	0	0	0	0	0	0	0	0	0	0	0	0	0	0	0	0	0	0	0	0	0	0	0	0	0	0	0
106154	ET_Cnat_60_2017	0	0	0	0	0	0.8846598295536616	0	0	0	0	0	0	0	0	0	0	0	0	0	0	0	0	0	0	0	0	0	0	0	0	0	0	0	0	0	0	0	0	0	0	0	0	0	0	0
106254	CH_Cnat_12_2019	0	0	0	0	0	0.8842668507810477	0	0	0	0	0	0	0	0	0	0	0	0	0	0	0	0	0	0	0	0	0	0	0	0	0	0	0	0	0	0	0	0	0	0	0	0	0	0	0
106200	ET_Cnat_60_2018	0	0	0	0	0	0.881592258632065	0	0	0	0	0	0	0	0	0	0	0	0	0	0	0	0	0	0	0	0	0	0	0	0	0	0	0	0	0	0	0	0	0	0	0	0	0	0	0
106215	ET_Cnat_60_2019	0	0	0	0	0	0.8794364670820916	0	0	0	0	0	0	0	0	0	0	0	0	0	0	0	0	0	0	0.019145669646888828	0	0	0	0	0	0	0	0	0	0	0	0	0	0	0	0	0	0	0	0
106202	CH_Cnat_12_2018	0	0	0	0	0	0.8749999999999999	0	0	0	0	0	0	0	0	0	0	0	0	0	0	0	0	0	0	0	0	0	0	0	0	0	0	0	0	0	0	0	0	0	0	0	0	0	0	0
106140	ET_Cnat_33_2017	0	0	0	0	0	0.8564568462037638	0	0	0	0	0	0	0	0	0	0	0	0	0	0	0	0	0	0	0	0	0	0	0	0	0	0	0	0	0	0	0	0	0	0	0	0	0	0	0
106214	ET_Cnat_33_2019	0	0	0	0	0	0.8006198347107438	0	0	0	0	0	0	0	0	0	0	0	0	0	0	0	0	0	0	0	0	0	0	0	0	0	0	0	0	0	0	0	0	0	0	0	0	0	0	0
106199	ET_Cnat_52_2018	0	0	0	0	0	0	0	0	0	0	0	0.03350379964632223	0	0	0	0	0	0	0	0	0.8470582612436075	0	0	0	0	0	0	0	0	0	0	0	0	0	0	0	0	0	0	0	0	0	0	0	0
106136	WP_Cnat_29_2017	0	0	0	0	0	0	0	0	0	0	0	0	0	0	0	0	0	0	0	0	0.8409759992016367	0	0	0	0	0	0	0	0	0	0	0	0	0	0	0	0	0	0	0	0	0	0	0	0
106189	ET_Pstr_45_2018	0	0	0	0	0	0	0	0	0	0	0	0	0	0	0	0	0	0	0	0	0.8220893290973649	0	0	0	0	0	0	0	0	0	0	0	0	0	0	0	0	0	0	0	0	0	0	0	0
106229	ET_Pstr_45_2019	0	0	0	0	0	0	0	0	0	0	0	0	0	0	0	0	0	0	0	0	0.8076797385620914	0	0	0	0	0	0	0	0	0	0	0	0	0	0	0	0	0	0	0	0	0	0	0	0
106152	ET_Pstr_45_2017	0	0	0	0	0	0	0	0	0	0	0	0	0	0	0	0	0	0	0	0	0.8076331735552139	0	0	0	0	0	0	0	0	0	0	0	0	0	0	0	0	0	0	0	0	0	0	0	0
106236	CH_Cnat_48_2019	0	0	0	0	0	0	0	0	0	0	0	0	0	0	0	0	0	0	0	0	0.8061989778987191	0	0	0	0	0	0	0	0	0	0	0	0	0	0	0	0	0	0	0	0	0	0	0	0
106211	CH_Cnat_48_2018	0	0	0	0	0	0	0	0	0	0	0	0	0	0	0	0	0	0	0	0	0.7991534790930903	0	0	0	0	0	0	0	0	0	0	0	0	0	0	0	0	0	0	0	0.010136683471274903	0	0	0	0
106196	ET_Pstr_54_2018	0	0	0	0	0.12360460161908819	0	0	0	0	0	0	0	0	0	0	0	0	0	0	0	0.7182786536003409	0	0	0	0	0	0	0	0	0	0	0	0	0	0	0	0	0	0	0	0	0	0	0	0
106161	ET_Pstr_54_2017	0	0	0	0	0.16179010464289342	0	0	0	0	0	0	0	0	0	0	0	0	0	0	0	0.6701208981001727	0	0	0	0	0	0	0	0	0	0	0	0	0	0	0	0	0	0	0	0	0	0	0	0
106225	ET_Cnat_52_2019	0	0	0	0	0	0	0	0	0	0	0	0.23790370992916318	0	0	0	0	0	0	0	0	0.5899867931324289	0	0	0	0	0	0	0	0	0	0	0	0	0	0	0	0	0	0	0	0	0	0	0	0
106159	ET_Cnat_52_2017	0	0	0	0	0	0	0	0	0	0	0	0.3055541362219611	0	0	0	0	0	0	0	0	0.526595472893567	0	0	0	0	0	0	0	0	0	0	0	0	0	0	0	0	0	0	0	0	0	0	0	0
106117	CH_Dlab_13_2017	0	0	0	0	0	0	0.8882894912538389	0	0	0	0	0	0	0	0	0	0	0	0	0	0	0	0	0	0	0	0	0	0	0	0.004566697823474429	0	0	0	0	0	0	0	0	0	0	0	0	0	0
106255	CH_Dlab_13_2019	0	0	0	0	0	0	0.8806903288831	0	0	0	0	0	0	0	0	0	0	0	0	0	0	0	0	0	0	0	0	0	0	0	0	0	0	0	0	0	0	0	0	0	0	0	0	0	0
106221	CH_Dlab_13_2018	0	0	0	0	0	0	0.8757798630484404	0	0	0	0	0	0	0	0	0	0	0	0	0	0	0	0	0	0	0	0	0	0	0	0	0	0	0	0	0	0	0	0	0	0	0	0	0	0
106132	ET_Dlab_36_2017	0	0	0	0	0	0	0.8728117738187452	0	0	0	0	0	0	0	0	0	0	0	0	0	0	0	0	0	0	0	0	0	0	0	0	0	0	0	0	0	0	0	0	0	0	0	0	0	0
106115	CH_Pstr_82_2017	0	0	0	0	0	0	0.8664183417892236	0	0	0	0	0	0	0	0	0	0	0	0	0	0	0	0	0	0	0	0	0	0	0	0	0	0	0	0	0	0	0	0	0	0	0	0	0	0
106240	CH_Ssid_51_2019	0	0	0	0	0	0	0.8654514895096789	0	0	0	0	0	0	0	0	0	0	0	0	0	0	0	0	0	0	0	0	0	0	0	0	0	0	0	0	0	0	0	0	0	0	0	0	0	0
106109	CH_Dlab_79_2017	0	0	0	0	0	0	0.8487434803224277	0	0	0	0	0	0	0	0	0	0	0	0	0	0	0	0	0	0	0	0	0	0	0	0	0	0	0	0	0	0	0	0	0	0	0	0	0	0
106119	WP_Dlab_23_2017	0	0	0	0	0	0	0.7808931667364142	0	0	0	0	0	0	0	0	0	0	0	0	0	0	0	0	0	0	0	0	0	0	0	0	0	0	0	0	0	0	0	0	0	0	0	0	0	0
106227	ET_Dlab_37_2019	0	0	0	0	0	0	0.7683535281539559	0	0	0	0	0	0	0	0	0	0	0	0	0	0	0	0	0	0	0	0	0	0	0	0	0	0	0	0	0	0	0	0	0	0	0	0	0	0
106269	WP_Dlab_23_2019	0	0	0	0	0	0	0.7627485725536522	0	0	0	0	0	0	0	0	0	0	0	0	0	0	0	0	0	0	0	0	0	0	0	0	0	0	0	0	0	0	0	0	0	0	0	0	0	0
106198	ET_Dlab_36_2018	0	0	0	0	0	0	0	0.7239932156214665	0	0	0	0	0	0	0	0	0	0	0	0	0	0	0	0	0	0	0	0	0	0	0	0	0	0	0	0	0	0	0	0	0	0	0	0	0
106259	WP_Dlab_20_2019	0	0	0	0	0	0	0	0.6402935193257774	0	0	0	0	0	0	0	0	0	0	0	0	0	0	0	0	0	0	0	0	0	0	0	0	0	0	0	0	0	0	0	0	0	0	0	0	0
106165	WP_Dlab_63_2017	0	0	0	0	0	0	0	0.6395942062980121	0	0	0	0	0	0	0	0	0	0	0	0	0	0	0	0	0	0	0	0	0	0	0	0	0	0	0	0	0	0	0	0	0	0	0	0	0
106127	WP_Dlab_20_2017	0	0	0	0	0	0	0	0.6225001991873157	0	0	0	0	0	0	0	0	0	0	0	0	0	0	0	0	0	0	0	0	0	0	0	0	0	0	0	0	0	0	0	0	0	0	0	0	0
106271	WP_Pstr_66_2019	0	0	0	0	0	0	0	0.49754218148000534	0	0	0	0	0	0	0	0	0	0	0	0	0	0	0	0	0	0	0	0	0	0	0	0	0	0	0	0	0	0	0	0	0	0	0	0	0
106134	WP_Pfur_27_2017	0	0	0	0	0	0	0	0	0	0	0	0	0	0	0	0	0	0	0	0	0	0.4828767123287671	0	0	0	0	0	0	0	0	0	0	0	0	0	0	0	0	0	0	0	0	0	0	0
106121	CH_Pfur_14_2017	0	0	0	0	0	0	0	0	0	0	0	0	0	0	0	0	0	0	0	0	0	0.47948717948717945	0	0	0	0	0	0	0	0	0	0	0	0	0	0	0	0	0	0	0	0	0	0	0
106130	ET_Mcav_34_2017	0	0	0	0	0	0	0	0	0	0	0	0	0	0	0	0	0	0	0	0	0	0.4361702127659574	0	0	0	0	0	0	0	0	0	0	0	0	0	0	0	0	0	0	0	0	0	0	0
106218	CH_Ofra_81_2018	0	0	0	0	0	0	0	0	0	0	0	0	0	0	0	0	0	0	0	0	0	0.2909049875874521	0	0	0	0	0	0	0	0	0	0	0	0	0	0	0	0	0	0	0	0	0	0	0
106107	CH_Ofra_81_2017	0	0	0	0	0	0	0	0	0	0	0	0	0	0	0	0	0	0	0	0	0	0.2868741542625169	0	0	0	0	0	0	0	0	0	0	0	0	0	0	0	0	0	0	0	0	0	0	0
106112	CH_Cnat_05_2017	0	0	0	0	0	0	0	0	0.8373309817754263	0	0	0	0	0	0	0	0	0	0	0	0	0	0	0	0	0	0	0	0	0	0	0	0	0	0	0	0	0	0	0	0	0	0	0	0
106203	CH_Cnat_05_2018	0	0	0	0	0	0	0	0	0.8310647226556196	0	0	0	0	0	0	0	0	0	0	0	0	0	0	0	0	0	0	0	0	0	0	0	0	0	0	0	0	0	0	0	0	0	0	0	0
106222	ET_Cnat_61_2019	0	0	0	0	0	0	0	0	0.7967383761276892	0	0	0	0	0	0	0	0	0	0	0	0	0	0	0	0	0	0	0	0	0	0.014156835530881333	0	0	0	0	0	0	0	0	0	0	0	0	0	0
106250	CH_Cnat_05_2019	0	0	0	0	0	0	0	0	0.7852878995149857	0	0	0	0	0	0	0	0	0	0	0	0	0	0	0	0	0	0	0	0	0	0	0	0	0	0	0	0	0	0	0	0	0	0	0	0
106171	WP_Pstr_66_2017	0	0	0	0	0	0	0	0	0	0.9843586075345733	0	0	0	0	0	0	0	0	0	0	0	0	0	0	0	0	0	0	0	0	0	0	0	0	0	0	0	0	0	0	0	0	0	0	0
106270	WP_Pstr_68_2019	0	0	0	0	0	0	0	0	0	0.9393114491593274	0	0	0	0	0	0	0	0	0	0	0	0	0	0	0	0	0	0	0	0	0	0	0	0	0	0	0	0	0	0	0	0	0	0	0
106173	WP_Pstr_68_2017	0	0	0	0	0	0	0	0	0	0.9035858877964141	0	0	0	0	0	0	0	0	0	0	0	0	0	0	0	0	0	0	0	0	0	0	0	0	0	0	0	0	0	0	0	0	0	0	0
106232	ET_Pstr_42_2019	0	0	0	0	0	0	0	0	0	0.8994722292033174	0	0	0	0	0	0	0	0	0	0	0	0	0	0	0	0	0	0	0	0	0	0	0	0	0	0	0	0	0	0	0	0	0	0	0
106149	ET_Pstr_42_2017	0	0	0	0	0	0	0	0	0	0.884566672697666	0	0	0	0	0	0	0	0	0	0	0	0	0	0	0	0	0	0	0	0	0	0	0	0	0	0	0	0	0	0	0	0	0	0	0
106188	ET_Pstr_42_2018	0	0	0	0	0	0	0	0	0	0.8545315171885135	0	0	0	0	0	0	0	0	0	0	0	0	0	0	0	0	0	0	0	0	0	0	0	0	0	0	0	0	0	0	0	0	0	0	0
106194	ET_Dlab_62_2018	0	0	0	0	0	0	0	0	0	0	0.8161037557416915	0	0	0	0	0	0	0	0	0	0	0	0	0	0	0	0	0	0	0	0	0	0	0	0	0	0	0	0	0	0	0	0	0	0
106156	ET_Dlab_62_2017	0	0	0	0	0	0	0	0	0	0	0.7953516819571866	0	0	0	0	0	0	0	0	0	0	0	0	0	0	0	0	0	0	0	0	0	0	0	0	0	0	0	0	0	0	0	0	0	0
106207	CH_Dlab_50_2018	0	0	0	0	0	0	0	0	0	0	0.7138339279922153	0	0	0	0	0	0	0	0	0	0	0	0	0	0	0	0	0	0	0	0	0	0.02075900097307817	0	0	0	0	0	0	0	0	0	0	0	0
106153	CH_Dlab_50_2017	0	0	0	0	0	0	0	0	0	0	0.7073578595317727	0	0	0	0	0	0	0	0	0	0	0	0	0	0	0	0	0	0	0	0	0	0	0	0	0	0	0	0	0	0	0	0	0	0
106239	CH_Dlab_50_2019	0	0	0	0	0	0	0	0	0	0	0.6894681132574755	0	0	0	0	0	0	0	0	0	0	0	0	0	0	0	0	0	0	0	0	0	0	0	0	0	0	0	0	0	0	0	0	0	0
106213	ET_Dlab_62_2019	0	0	0	0	0	0	0	0	0.2974482698661102	0	0.5308207268301165	0	0	0	0	0	0	0	0	0	0	0.003347243957572596	0	0	0	0	0	0	0	0	0	0	0	0	0	0	0	0	0	0	0	0	0	0	0
106276	WP_Ssid_59_2019	0	0	0	0	0	0	0	0	0	0	0	0	0	0	0	0	0	0	0	0	0	0	0.9777478782860691	0	0	0	0	0	0	0	0	0	0	0	0	0	0	0	0	0	0	0	0	0	0
106219	CH_Ssid_46_2018	0	0	0	0	0	0	0	0	0	0	0	0	0	0	0	0	0	0	0	0	0	0	0.9581881533101045	0	0	0	0	0	0	0	0	0	0	0	0	0	0	0	0	0	0	0	0	0	0
106166	WP_Ssid_72_2017	0	0	0	0	0	0	0	0	0	0	0	0	0	0	0	0	0	0	0	0	0	0	0.9577792123950937	0	0	0	0	0	0	0	0	0	0	0	0	0	0	0	0	0	0	0	0	0	0
106178	WP_Ssid_108_2017	0	0	0	0	0	0	0	0	0	0	0	0	0	0	0	0	0	0	0	0	0	0	0.9443964421855146	0	0	0	0	0	0	0	0	0	0	0	0	0	0	0	0	0	0	0	0	0	0
106105	CH_Ssid_46_2017	0	0	0	0	0	0	0	0	0	0	0	0	0	0	0	0	0	0	0	0	0	0	0.9430109149439163	0	0	0	0	0	0	0	0	0	0	0	0	0	0	0	0	0	0	0	0	0	0
106241	CH_Ssid_46_2019	0	0	0	0	0	0	0	0	0	0	0	0	0	0	0	0	0	0	0	0	0	0	0.9308822640140292	0	0	0	0	0	0	0	0	0	0	0	0	0	0	0	0	0	0	0	0	0	0
106186	WP_Ssid_77_2017	0	0	0	0	0	0	0	0	0	0	0	0	0	0	0	0	0	0	0	0	0	0	0.9264528756398674	0	0	0	0	0	0	0	0	0	0	0	0	0	0	0	0	0	0.03206865401987353	0	0	0	0
106116	CH_Oann_80_2017	0	0	0	0	0	0	0	0	0	0	0	0	0	0	0	0	0	0	0	0	0	0	0	0.9932990081017642	0	0	0	0	0	0	0	0	0	0	0	0	0	0	0	0	0	0	0	0	0
106243	CH_Oann_80_2019	0	0	0	0	0	0	0	0	0	0	0	0	0	0	0	0	0	0	0	0	0	0	0	0.9252360295993876	0	0	0	0	0	0	0	0	0	0	0	0	0	0	0	0	0	0	0	0	0
106212	CH_Oann_80_2018	0	0	0	0	0	0	0	0	0	0	0	0.031589826548036305	0	0	0	0	0	0	0	0	0	0	0	0.9199694436955155	0	0	0	0	0	0	0	0	0	0	0	0	0	0	0	0	0	0	0	0	0
106172	WP_Oann_67_2017	0	0	0	0.06729548340286595	0	0	0	0	0	0	0	0	0	0	0	0	0	0	0	0	0	0	0	0.7716306910937782	0	0	0	0	0	0	0	0	0	0	0	0	0	0	0	0	0	0	0	0	0
106267	WP_Ofav_18_2019	0	0	0	0	0	0	0	0	0	0	0	0	0	0	0	0	0	0	0	0	0	0	0	0.7387202954399487	0	0	0	0	0	0	0	0	0	0	0	0	0	0	0	0	0	0	0	0	0
106228	ET_Dlab_36_2019	0	0	0	0	0	0	0	0	0	0	0	0.7219419924337958	0	0	0	0	0	0	0	0	0	0	0	0	0	0	0	0	0	0	0	0	0	0	0	0	0	0	0	0	0	0	0	0	0
106138	ET_Pfur_30_2017	0.9060573366214549	0	0	0	0	0	0	0	0	0	0	0	0	0	0	0	0	0	0	0	0	0	0	0	0	0.012099260172626386	0	0.0012330456226880395	0	0	0	0	0	0	0	0	0	0	0.005779901356350186	0	0	0	0	0	0
106122	CH_Pfur_15_2017	0.8969331079449409	0	0	0	0	0	0	0	0	0	0	0	0	0	0	0	0	0	0	0	0	0	0	0	0	0	0	0	0	0	0	0	0	0	0	0	0	0	0	0	0	0	0	0	0
106238	ET_Pfur_30_2019	0.6255041810132809	0	0	0	0	0	0	0	0	0	0	0	0	0	0	0	0	0	0	0	0	0	0	0	0	0	0	0.10622233152975896	0	0.05698475159862272	0	0	0	0	0	0	0	0	0	0	0	0	0	0	0
106181	ET_Pfur_74_2017	0.4887193811774818	0	0	0	0	0	0	0	0	0	0	0	0	0	0	0	0	0	0	0	0	0	0	0	0	0.4389235066609368	0	0	0	0	0	0	0	0	0	0	0	0	0	0	0	0	0	0	0
106280	WP_Mcav_25_2019	0	0	0	0	0	0	0	0	0	0	0	0	0	0	0	0	0	0	0	0	0	0	0	0	0.9692140528793916	0	0	0	0	0	0	0	0	0	0	0	0	0	0	0	0	0	0	0	0
106174	WP_Mcav_69_2017	0	0	0	0	0	0	0	0	0	0	0	0	0	0	0	0	0	0	0	0	0	0	0	0	0.9637845559196705	0	0	0	0	0	0	0	0	0	0	0	0	0	0	0	0	0	0	0	0
106129	WP_Mcav_25_2017	0	0	0	0	0	0	0	0	0	0	0	0	0.012504752650923072	0	0	0	0	0	0	0	0	0	0	0	0.9573317561573232	0	0	0	0	0	0	0	0	0	0	0	0	0	0	0	0	0	0	0	0
106260	WP_Mcav_69_2019	0	0	0	0	0	0	0	0	0	0	0	0	0	0	0	0	0	0	0	0	0	0	0	0	0.9434910863152494	0	0	0	0	0	0	0	0	0	0	0	0	0	0	0	0	0	0	0	0
106192	ET_Dlab_37_2018	0	0	0	0	0	0	0	0	0	0	0	0	0.932888264230499	0	0	0	0	0	0	0	0	0	0	0	0	0	0.03465390021082221	0	0	0	0	0	0	0	0	0	0	0	0	0	0	0	0	0	0
106141	ET_Dlab_37_2017	0	0	0	0	0	0	0	0	0	0	0	0	0.9104079407883413	0	0	0	0	0	0	0	0	0	0	0	0	0	0.01930690228928797	0	0	0	0	0	0	0	0	0	0	0	0	0	0	0	0	0	0
106263	WP_Ssid_45_2019	0	0	0	0	0	0	0	0	0	0	0	0	0	0	0	0	0	0	0	0	0	0	0	0	0	0	0	0	0	0	0	0	0	0	0	0	0	0	0	0	0	0.9847086500180963	0	0	0
106185	WP_Ssid_105_2017	0	0	0	0	0	0	0	0	0	0	0	0	0	0	0	0	0	0.017328968164371187	0	0	0	0	0	0	0	0	0	0	0	0	0	0	0	0	0	0	0	0	0	0	0	0.9730751862722962	0	0	0
106137	WP_Cnat_31_2017	0	0	0	0	0	0	0	0	0	0.008190985799547232	0	0	0	0	0	0	0	0	0	0	0	0	0	0	0	0	0	0	0	0	0	0	0	0	0	0	0	0	0	0	0	0.9705289154146944	0	0	0
106248	WP_Cnat_31_2019	0	0	0	0	0	0	0	0	0	0	0	0	0	0	0	0	0	0	0	0	0	0.017382599199126318	0	0	0	0	0	0	0	0	0	0	0	0	0	0	0	0	0	0	0	0.9507644703312704	0	0	0
106160	ET_Pfur_53_2017	0	0	0	0	0	0	0	0	0	0	0	0	0	0	0	0	0	0	0	0	0	0	0	0	0	0.7634165631002147	0	0.07833389824125335	0	0	0	0	0	0	0	0	0	0	0	0	0	0	0	0	0
106150	ET_Pfur_43_2017	0.18173499267935578	0	0	0	0	0	0	0	0	0	0	0	0	0	0	0	0	0	0	0	0	0	0	0	0	0.6034498535871157	0	0.05540812591508053	0	0	0	0	0	0	0	0	0	0	0	0	0	0	0	0	0
106163	ET_Dlab_57_2017	0	0	0	0	0	0	0	0	0	0	0	0	0	0	0	0	0	0	0	0	0	0	0	0	0	0	0.8150727278643715	0	0	0	0	0	0	0	0	0	0	0	0	0	0	0	0	0	0
106231	ET_Dlab_57_2019	0	0	0	0	0	0	0	0	0	0	0	0	0.022038731139360817	0	0	0	0	0	0	0	0	0	0	0	0	0	0.7993940834026375	0	0	0	0	0	0	0	0	0	0	0	0	0	0	0	0	0	0
106245	CH_Ssid_07_2019	0	0	0	0	0	0	0	0	0	0	0	0	0	0	0	0	0	0	0	0	0	0	0	0	0	0	0	0	0.9042603216401768	0	0	0	0	0	0	0	0	0	0	0	0	0	0	0	0
106114	CH_Ssid_07_2017	0	0	0	0	0	0	0	0	0	0	0	0	0	0	0	0	0	0	0	0	0	0	0	0	0	0	0	0	0.8211138603116725	0	0	0	0	0	0	0	0	0	0	0	0.08100013022528976	0	0	0	0
106120	WP_Oann_24_2017	0	0.718471725397671	0	0	0	0	0	0	0	0	0	0	0	0	0	0	0	0	0.24712687419133875	0	0	0	0	0	0	0	0	0	0	0	0	0	0	0	0	0	0	0	0	0	0	0	0	0	0
106275	WP_Ssid_72_2019	0	0	0	0	0	0	0	0	0	0	0	0	0	0	0	0	0	0	0	0	0	0	0	0	0	0	0	0	0	0	0	0.967289490461478	0	0	0	0	0	0	0	0	0	0	0	0	0
106167	WP_Ssid_92_2017	0	0	0	0	0	0	0	0	0	0	0	0	0	0	0	0	0	0	0	0	0	0	0	0	0	0	0	0	0	0	0	0.9613836017569546	0	0	0	0	0	0	0	0	0	0	0	0	0
106209	CH_Mcav_49_2018	0	0	0	0	0	0	0	0	0	0	0	0	0	0	0	0	0	0	0	0	0	0	0	0	0	0	0	0	0	0	0	0	0	0.5663591199432221	0	0	0	0	0	0	0	0	0	0	0
106208	CH_Ssid_07_2018	0	0	0	0	0	0	0	0	0	0	0	0	0	0	0	0	0	0	0	0	0	0	0	0	0	0	0	0	0	0	0	0	0	0	0.9050901620634558	0	0	0	0	0	0	0	0	0	0
106187	WP_Ssid_107_2017	0	0	0	0	0	0	0	0	0	0	0	0	0	0	0	0	0	0	0	0	0	0	0	0	0	0	0	0	0	0	0	0	0	0	0	0.7097317004767691	0	0	0	0	0	0	0	0	0
106193	ET_Cnat_61_2018	0	0	0	0	0	0	0	0	0.36039053591790193	0	0	0	0	0	0	0	0	0	0	0	0	0	0	0	0	0	0	0	0	0	0	0	0	0	0	0	0	0	0	0	0	0	0	0	0.5362742303306727
106177	WP_Ssid_73_2017	0	0	0	0	0	0	0	0.0010865874363327672	0	0	0	0	0	0.004210526315789474	0	0	0.008081494057724957	0	0	0	0	0	0	0	0	0	0	0	0	0	0	0	0	0	0	0	0	0.8978607809847199	0	0	0	0	0	0	0
106180	WP_Ssid_96_2017	0	0	0	0	0	0	0	0	0	0	0	0	0	0	0	0	0	0	0	0	0	0	0	0	0	0	0	0	0	0	0	0	0	0	0	0	0	0	0	0.8676042189854345	0.0593169261677549	0	0	0	0
106206	ET_Mcav_55_2018	0	0	0	0	0	0	0	0	0	0	0	0	0	0	0	0	0	0	0	0	0	0	0	0	0	0	0	0	0	0	0	0	0	0	0	0	0	0	0	0	0	0	0	0	0
106182	ET_Pfur_75_2017	0	0	0	0	0	0	0	0	0	0	0	0	0	0	0	0	0	0	0	0	0	0	0	0	0	0	0	0	0	0	0	0	0	0	0	0	0	0	0	0	0	0	0	0	0
106176	WP_Pfur_71_2017	0	0	0	0	0	0	0	0	0	0	0	0	0	0	0	0	0	0	0	0	0	0	0	0	0	0	0	0	0	0	0	0	0	0	0	0	0	0	0	0	0	0	0	0	0
106155	ET_Cnat_61_2017	0	0	0	0	0	0	0	0	0	0	0	0	0	0	0	0	0	0	0	0	0	0	0	0	0	0	0	0	0	0	0	0	0	0	0	0	0	0	0	0	0	0	0	0	0
106143	CH_Cnat_48_2017	0	0	0	0	0	0	0	0	0	0	0	0	0	0	0	0	0	0	0	0	0	0	0	0	0	0	0	0	0	0	0	0	0	0	0	0	0	0	0	0	0	0	0	0	0
106118	WP_Pfur_22_2017	0	0	0	0	0	0	0	0	0	0	0	0	0	0	0	0	0	0	0	0	0	0	0	0	0	0	0	0	0	0	0	0	0	0	0	0	0	0	0	0	0	0	0	0	0
106111	CH_Mcav_58_2017	0	0	0	0	0	0	0	0	0	0	0	0	0	0	0	0	0	0	0	0	0	0	0	0	0	0	0	0	0	0	0	0	0	0	0	0	0	0	0	0	0	0	0	0	0
Sequence accession / SymPortal UID		29206-50006-891986	22385	29206	8181	4946-53205-693415-29495-698180-29395-89237	37844/891957-891960-891958-891967-891959-891961-891966-892008	4946-30321-29329-891946-891945-891944	4946	37844-891957-891960-891958-891959-891962-891961	4946-53205-89233-892001	4946-891991-89264-892021-29329	4946-29275	4946-891993-29329	29665	4946-693415-53205-29495	37844	892114	32-40213	3332/363069/40926-363072-363074-365324-32-363075	32-891943-80-1354-41-12353-71406-38269	891930-32-891931-80-8520-41		32-161-40213	3332/40926-363069-363072-363074	32-80-1354-41-12353-982-38269-71406		62862-19236-32-892071-892070	1	32	40124	32-80	32-161	32-161-80	32-2-828-308	2-32-308-4-835-833	44722	3332	32-2-4-1	32-41	32-2-4	853-854-1730-944-2582-2587	853-854-1730-2308-855-12730	853-854-1730-2308	853-854-1730-2582-944-2308-1768-2587-1759-2597-2594	853-854-1730-855-933-2332
Average defining sequence proportions and [stdev]		0.918[0.005]-0.045[0.004]-0.037[0.007]	1.000[0.000]	1.000[nan]	1.000[nan]	0.632[0.044]-0.095[0.013]-0.070[0.022]-0.055[0.022]-0.053[0.012]-0.048[0.011]-0.047[0.006]	0.264[0.021]/0.238[0.022]-0.121[0.027]-0.080[0.018]-0.072[0.013]-0.070[0.009]-0.059[0.010]-0.058[0.019]-0.039[0.018]	0.660[0.091]-0.159[0.046]-0.055[0.021]-0.045[0.018]-0.043[0.019]-0.039[0.015]	1.000[0.000]	0.418[0.042]-0.150[0.043]-0.123[0.057]-0.119[0.026]-0.091[0.013]-0.050[0.009]-0.049[0.013]	0.694[0.031]-0.184[0.029]-0.064[0.012]-0.058[0.017]	0.530[0.086]-0.207[0.023]-0.102[0.038]-0.101[0.041]-0.060[0.015]	0.973[0.018]-0.027[0.018]	0.717[0.021]-0.185[0.021]-0.098[0.005]	1.000[nan]	0.803[nan]-0.079[nan]-0.062[nan]-0.056[nan]	1.000[nan]	1.000[nan]	0.971[0.006]-0.029[0.006]	0.299[0.090]/0.238[0.062]/0.223[0.057]-0.097[0.026]-0.048[0.032]-0.035[0.015]-0.030[0.011]-0.028[0.009]	0.570[0.040]-0.133[0.052]-0.070[0.016]-0.062[0.007]-0.051[0.014]-0.042[0.005]-0.039[0.007]-0.033[0.005]	0.444[0.105]-0.198[0.057]-0.195[0.042]-0.080[0.034]-0.048[0.021]-0.035[0.008]	0.604[0.351]/0.396[0.351]	0.919[0.078]-0.058[0.084]-0.023[0.009]	0.322[0.046]/0.240[0.063]-0.238[0.052]-0.115[0.010]-0.085[0.004]	0.595[0.033]-0.080[0.012]-0.073[0.006]-0.071[0.019]-0.059[0.010]-0.046[0.010]-0.038[0.006]-0.038[0.007]	0.528[0.293]/0.472[0.293]	0.466[0.051]-0.326[0.019]-0.110[0.062]-0.051[0.012]-0.048[0.007]	1.000[0.000]	1.000[0.000]	1.000[0.000]	0.921[0.021]-0.079[0.021]	0.597[0.022]-0.403[0.022]	0.941[nan]-0.043[nan]-0.016[nan]	0.741[nan]-0.193[nan]-0.034[nan]-0.033[nan]	0.631[nan]-0.174[nan]-0.141[nan]-0.030[nan]-0.015[nan]-0.009[nan]	1.000[nan]	1.000[nan]	0.782[nan]-0.189[nan]-0.023[nan]-0.007[nan]	0.933[nan]-0.067[nan]	0.911[nan]-0.082[nan]-0.007[nan]	0.597[0.042]-0.200[0.017]-0.114[0.018]-0.036[0.017]-0.035[0.015]-0.019[0.012]	0.592[0.029]-0.210[0.007]-0.103[0.019]-0.037[0.005]-0.032[0.010]-0.027[0.003]	0.611[nan]-0.223[nan]-0.116[nan]-0.049[nan]	0.532[nan]-0.180[nan]-0.098[nan]-0.039[nan]-0.035[nan]-0.033[nan]-0.026[nan]-0.024[nan]-0.014[nan]-0.011[nan]-0.008[nan]	0.640[nan]-0.212[nan]-0.082[nan]-0.024[nan]-0.022[nan]-0.019[nan]
